date	Return
200601	0.200
200602	0.207
200603	0.212
200604	0.212
200605	0.225
200606	0.230
200607	0.245
200608	0.249
200609	0.259
200610	0.272
200611	0.275
200612	0.280
200701	0.296
200702	0.303
200703	0.303
200704	0.312
200705	0.318
200706	0.323
200707	0.332
200708	0.316
200709	0.313
200710	0.321
200711	0.312
200712	0.313
200801	0.311
200802	0.309
200803	0.304
200804	0.306
200805	0.323
200806	0.352
200807	0.345
200808	0.344
200809	0.275
200810	0.163
200811	0.148
200812	0.109
200901	0.092
200902	0.069
200903	0.053
200904	0.059
200905	0.062
200906	0.051
200907	0.035
200908	0.035
200909	0.036
200910	0.040
200911	0.041
200912	0.034
201001	0.027
201002	0.025
201003	0.025
201004	0.026
201005	0.015
201006	0.020
201007	0.030
201008	0.030
201009	0.042
201010	0.057
201011	0.048
201012	0.038
201101	0.060
201102	0.062
201103	0.075
201104	0.087
201105	0.089
201106	0.100
201107	0.076
201108	0.050
201109	0.025
201110	0.026
201111	0.012
201112	0.008
201201	0.019
201202	0.012
201203	0.012
201204	0.010
201205	0.006
201206	0.006
201207	0.003
201208	0.004
201209	0.004
201210	0.005
201211	0.004
201212	0.004
201301	0.009
201302	0.004
201303	0.004
201304	0.004
201305	0.004
201306	0.007
201307	0.005
201308	0.005
201309	0.004
201310	0.005
201311	0.007
201312	0.012
201401	0.009
201402	0.008
201403	0.009
	
