	STOXX 	TKA	OLE
200512	299.955	13.187	6.247
200601	311.530	17.251	6.440
200602	318.030	17.448	6.332
200603	324.680	19.578	6.537
200604	326.860	21.485	6.509
200605	309.560	21.987	6.355
200606	311.200	21.954	6.509
200607	316.220	22.472	6.786
200608	324.530	21.814	6.775
200609	331.010	21.864	6.695
200610	342.880	23.878	6.889
200611	341.730	24.001	7.492
200612	354.890	29.387	7.117
200701	362.390	30.519	7.572
200702	355.000	31.238	7.971
200703	364.180	31.331	8.341
200704	376.420	33.480	8.449
200705	385.900	36.542	8.119
200706	382.950	37.092	8.443
200707	370.070	34.723	8.391
200708	365.610	36.373	8.351
200709	366.700	37.768	8.026
200710	377.240	38.868	8.037
200711	358.570	34.207	8.037
200712	353.030	32.456	7.980
200801	311.850	28.882	7.923
200802	309.150	33.492	8.208
200803	296.590	31.850	7.946
200804	312.900	35.388	7.826
200805	312.340	38.084	8.066
200806	280.590	34.984	8.291
200807	274.620	31.375	7.760
200808	279.220	29.979	7.771
200809	247.380	18.774	6.857
200810	214.190	13.040	6.240
200811	198.980	13.874	6.743
200812	191.300	16.649	6.497
200901	184.850	15.291	5.429
200902	167.300	13.595	4.571
200903	170.810	12.671	2.886
200904	194.170	15.462	2.469
200905	202.160	17.177	2.131
200906	199.670	16.872	1.966
200907	217.930	20.540	2.040
200908	229.180	22.483	2.109
200909	235.640	22.569	1.929
200910	230.250	20.816	1.174
200911	232.120	23.160	1.057
200912	246.380	25.151	1.251
201001	240.020	22.280	1.474
201002	238.810	22.395	1.300
201003	256.190	24.550	1.420
201004	253.290	23.735	1.149
201005	238.440	21.214	0.983
201006	236.760	19.686	0.931
201007	248.400	21.918	0.983
201008	244.480	20.858	0.966
201009	253.020	23.142	0.594
201010	259.360	25.466	0.903
201011	255.420	28.565	0.720
201012	269.530	29.872	1.040
201101	273.480	29.019	0.675
201102	279.650	29.449	0.710
201103	269.760	28.255	0.675
201104	277.300	30.433	0.640
201105	274.500	32.273	0.600
201106	266.230	34.705	0.530
201107	258.910	29.968	0.405
201108	231.840	23.127	0.330
201109	220.560	17.998	0.290
201110	237.450	20.523	0.365
201111	233.980	18.654	0.430
201112	238.400	17.347	0.430
201201	248.240	21.749	0.460
201202	257.950	20.415	0.445
201203	256.840	18.680	0.425
201204	251.250	17.920	0.345
201205	233.920	13.389	0.315
201206	244.860	12.800	0.325
201207	254.680	14.945	0.315
201208	259.390	15.840	0.345
201209	261.770	16.660	0.355
201210	263.540	17.600	0.330
201211	268.650	15.565	0.305
201212	272.780	17.760	0.275
201301	280.210	17.950	0.295
201302	283.100	17.330	0.280
201303	286.640	15.900	0.260
201304	290.250	13.835	0.265
201305	293.740	15.420	0.305
201306	278.250	15.170	0.265
201307	292.460	16.310	0.285
201308	290.480	15.855	0.340
201309	303.290	17.705	0.400
201310	314.910	18.810	0.420
201311	317.860	19.320	0.500
201312	321.120	17.690	0.470
201401	315.980	19.000	0.495
201402	331.440	19.630	0.395
201403	327.970	19.415	0.435
